10
3202
8
-1 0 .5
0 -1 .125
1 0 .25
0 1 .3
-2 0 .1
0 -2 .15
2 0 .05
0 2 .075
36
795 795 12
795 805 10
795 1595 8
795 1605 6
795 2395 4
795 2405 2
805 795 2
805 805 4
805 1595 6
805 1605 8
805 2395 10
805 2405 12
1595 795 12
1595 805 10
1595 1595 8
1595 1605 6
1595 2395 4
1595 2405 2
1605 795 2
1605 805 4
1605 1595 6
1605 1605 8
1605 2395 10
1605 2405 12
2395 795 12
2395 805 10
2395 1595 8
2395 1605 6
2395 2395 4
2395 2405 2
2405 795 2
2405 805 4
2405 1595 6
2405 1605 8
2405 2395 10
2405 2405 12

